2 0.4317708333333333 0.6129629629629629 0.07395833333333335 0.051851851851851816
2 0.9265624999999998 0.6212962962962963 0.04687499999999989 0.06851851851851853
2 0.06927083333333334 0.6231481481481482 0.05520833333333334 0.06481481481481477
9 0.6755208333333333 0.20925925925925926 0.12812500000000004 0.22962962962962963
7 0.765625 0.33796296296296297 0.07916666666666661 0.22777777777777777
2 0.4317708333333333 0.6129629629629629 0.07395833333333335 0.051851851851851816
2 0.9265624999999998 0.6212962962962963 0.04687499999999989 0.06851851851851853
2 0.06927083333333334 0.6231481481481482 0.05520833333333334 0.06481481481481477
9 0.6755208333333333 0.20925925925925926 0.12812500000000004 0.22962962962962963
7 0.765625 0.33796296296296297 0.07916666666666661 0.22777777777777777
